111111222111111111111222111111
100000000000000000000000000001
100000111000000000000111000001
100000000000011110000000000001
200000000000000000000000000002
200000111100000000001111000002
111100000000000000000000001111
10000000000000aa00000000000001
100000000000111111000000000001
100000000000000000000000000001
100000000a00000000000a00000001
100000011110000000001111000001
100000000000000000000000000001
100000000000000000000000000001
200000000000111111000000000002
200000000000000000000000000002
111100111000000000000111001111
100000000000000000000000000001
100000000000000000000000000001
111111222111111111111222111111