111111222111111111111222111111
100000000000000000000000000001
100000111000000000000111000001
100000000000000000000000000001
200000000000000000000000000002
200000000100000000001000000002
111111111111000000111111111111
100000000000000000000000000001
10000000000000aa00000000000001
100000000000111111000000000001
100000000000000000000000000001
10000000000010aa01000000000001
100000000001111111100000000001
111110000111111111111000011111
200000000000000000000000000002
200000000000000000000000000002
111111111000000000000111111111
100000000000000000000000000001
100000000000000000000000000001
111111222111111111111222111111