111111222111111111111222111111
100000000000000000000000000001
100001111100000000001111100001
100010000011a0000a110000010001
200000000000110011000000000002
200000000000000000000000000002
111110000000000000000000011111
100000000000000000000000000001
100000000a0000000000a000000001
100001111111111111111111100001
111000000000000000000000000111
100000000000000000000000000001
100000000000000000000000000001
10011000000001aa10000000011001
200000000001111111100000000002
200000000000000000000000000002
111110000000000000000000011111
100000000000000000000000000001
100000000000000000000000000001
111111222111111111111222111111