111111222111111111111222111111
100000000000000000000000000001
100000111000000000000111000001
100000000000000000000000000001
200000000000001100000000000002
20000000000111bb11100000000002
111000000000000000000000000111
100001100110000000011001100001
100000000000000000000000000001
100000000000000000000000000001
100000011000001100000110000001
100000000000000000000000000001
100000000000000000000000000001
100001100000000000000001100001
200000000000000000000000000002
200000000000000000000000000002
111100000000000000000000001111
100000000000100001000000000001
10000000000010aa01000000000001
111111222111111111111222111111