111111222111111111111222111111
100000000000000000000000000001
100000111000000000000111000001
100000000000000000000000000001
200000000011111111110000000002
20000000000a00aa00a00000000002
110000111111111111111111000011
101001000000000000000000100101
100100000000000000000000001001
100010000000000000000000010001
100001000000000000000000100001
100000100000000000000001000001
100000010000000000000010000001
111111111000000000000111111111
200000000000000000000000000002
20000000000000b000000000000002
111111111110000000011111111111
100000000000000000000000000001
100000000000000000000000000001
111111222111111111111222111111