111111222111111111111222111111
100000000000000000000000000001
111100111111100001111111001111
100000000000000000000000000001
200000000000000000000000000002
200000011111111111111110000002
111100110000000000000011001111
100000000000000b00000000000001
100000000000000000000000000001
100001000000000000000000100001
1a0011100000000b000000011100a1
111111110000000000000011111111
100000000000000000000000000001
100000000000111111000000000001
200000000000111111000000000002
200000000001111111100000000002
111100000001111111100000001111
100000000011111111110000000001
100000000011111111110000000001
111111222111111111111222111111