111111222111111111111222111111
100000000000000000000000000001
100000444000000000000444000001
100000000000000000000000000001
200000000000000000000000000002
200000010000000000000010000002
144400000000000000000000004441
100000011111110011111110000001
100000010000000000000010000001
10000001c000004400000c10000001
10000001c000000000000c10000001
10000001c000000000000c10000001
10000001c000004400000c10000001
100000000000000000000000000001
200000111111111111111111000002
200000000000000000000000000002
144400000000000000000000004441
100000000000000000000000000001
100000000000000000000000000001
111111222111111111111222111111