111111222111111111111222111111
100000000000000000000000000001
100000444000000000000444000001
100000000000000000000000000001
200000000000000000000000000002
200000010000000000000010000002
111111111111144441111111111111
100000000000000000000000000001
100000000000000000000000000001
1c00000000000111100000000000c1
100000000000000000000000000001
1a00000000000000000000000000a1
155555555555114411555555555551
111111111111114411111111111111
200000000000000000000000000002
200000000000000000000000000002
144111111111111111111111111441
100000000000000000000000000001
100000000000000000000000000001
111111222111111111111222111111