111111222111111111111222111111
100000000000000000000000000001
100000444000000000000444000001
110000000000000000000000000011
200000000000000000000000000002
200000444000000000000444000002
110000000000000000000000000011
100000000000000000000000000001
10000044400000b000000444000001
100000000000000b00000000000001
10000000000000b000000000000001
100000444000000b00000444000001
100000000000000000000000000001
110000000000000000000000000011
200000444000000000000444000002
200000000000000000000000000002
110000000000000000000000000011
100000444000000000000444000001
100000000000000000000000000001
111111222111111111111222111111