111111222111111111111222111111
100000000000000000000000000001
100000444000000000000444000001
100000000000000000000000000001
200044000440000000044000440002
200000000000000000000000000002
111140000000000000000000041111
11400000d000000000000d00000411
10000000444vvvvvvvv44400000001
100000000000000000000000000001
100000000000000000000000000001
10000000d000000000000d00000001
10000000444vvvvvvvv44400000001
100000000000000000000000000001
20000000000000aa00000000000002
200000000000000000000000000002
11100000000vvvvvvvv00000000111
111100000000000000000000001111
111110000000000000000000011111
111111222111111111111222111111
