111111222111111111111222111111
100000000011155551110000000001
100000141001155551100141000001
100004404400155551004404400001
200000000000055550000000000002
200000000000055550000000000002
111110000000055550000000011111
100000000000055550000000000001
100000000000c5555c000000000001
100000111000044440000111000001
100000000000000000000000000001
10000000000000dd00000000000001
100000000011011110110000000001
100001110000055550000011100001
200000000000055550000000000002
200000000000055550000000000002
111100000000155551000000001111
100000000001155551100000000001
100000000011155551110000000001
111111222111111111111222111111
