111111222111111111111222111111
100000000000000000000000000001
100000xxx000000000000xxx000001
100000000000000000000000000001
200000000000000000000000000002
200000000000000000000000000002
111140000000000000000000041111
114000000000000000000000000411
100000000000000000000000000001
100000000000000000000000000001
1000000000d00000000d0000000001
100000000vvv00xx00vvv000000001
100000000000000000000000000001
100000000000000000000000000001
200000000000000000000000000002
200000000000000000000000000002
1111400000000a00a0000000041111
114000000000014410000000000411
100000000000100001000000000001
111111222111111111111222111111
