111111222111111111111222111111
100000000000000000000000000001
100000xxx000000000000xxx000001
100000000000000000000000000001
200000000000000000000000000002
20000000000e000000e00000000002
144400000000000000000000004441
100000111www000000yyy111000001
100000000000000000000000000001
10000e000000000000000000e00001
111111000000000000000000111111
10000000000e000000e00000000001
100000000000000000000000000001
100000111www000000yyy111000001
200000000000000000000000000002
200000000000000000000000000002
111110000000000000000000011111
100000000000000000000000000001
100000000000000000000000000001
111111222111111111111222111111
