111111222111111111111222111111
100000000000000000000000000001
100000xxx000000000000xxx000001
100000000000000000000000000001
200000000000000000000000000002
200000000000000000000000000002
111140000000000000000000041111
114000000yyy00ee00www000000411
1b000000000000xx000000000000b1
100000000000000000000000000001
100000000000000000000000000001
100000000000000000000000000001
100000000000000000000000000001
100000000000000000000000000001
200000000000000000000000000002
200000000000000000000000000002
11140000000vv0000vv00000004111
140000000000000000000000000041
100000000000000000000000000001
111111222111111111111222111111
