111111000111111111111000111111
100000000000000000000000000001
100000110000000000000011000001
100000000000000000000000000001
000000000000000000000000000000
000000001100000000001100000000
111110000000000000000000011111
100000000000000000000000000001
10000ww0000111001110000yy00001
100000000000000000000000000001
100000000110000000011000000001
100000000000000000000000000001
100000000000000000000000000001
100001100000000000000001100001
000000000000000000000000000000
000000000000000000000000000000
111000000000000000000000000111
100000000000000000000000000001
100000000000000000000000000001
111111000111111111111000111111
