111111111111111111111111111111
100000000000000000000000000001
100000000000000000000000000001
111111111111000000111111111111
100000000000000000000000000001
100000000000000000000000000001
10000000000000z000000000000001
100000000000001100000000000001
100000000000000000000000000001
100000000000000000000000000001
100000000000011110000000000001
111111000000000000000000111111
100000000000000000000000000001
100000000000000000000000000001
200000444444400004444444000002
200000000000000000000000000002
111000000000000000000000000111
100000000000000000000000000001
100000000000001100000000000001
111111111111111111111111111111