111111111111111111111111111111
100000000000000000000000000001
100000000000000000000000000001
100000000000000000000000000001
100000000000000000000000000001
100000000000000000000000000001
100000000000000000000000000001
100000000000000z00000000000001
100000000000000000000000000001
100000000000000000000000000001
100000000000000000000000000001
100044444440000000004444440001
100000000000000000000000000001
144400000000000000000000004441
200000000001111111110000000002
200000000111000100011100000002
111111111111111111111111111111
100000100000000100000001000001
100000100000000100000001000001
100000100000000100000001000001