111111111111111111111111111111
150000000000000000000000000001
150000000000000000000000000051
150000000000000000000000000051
150000044444400004444440000051
150000000000000000000000000051
150000000000000000000000000051
154440000000000000000000044451
150000000000000000000000000051
150000000000000000000000000051
154440000000000000000000044451
15000000000000z000000000000051
150000000000000000000000000051
154440000000000000000000044451
250000000001151115110000000052
251555555111050105011155555152
111111111111151115111111111111
100000100000050105000001000001
155555155555555155555551555551
155555155555555155555551555551