111111111111111111111111111111
100000000000000000000000000001
100000000000000000000000000001
100000000000000000000000000001
100000000000000000000000000001
100000000000000000000000000001
100000000000000000000000000001
100000000000000000000000000001
100000000000000000000000000001
100000000000000000000000000001
100000000000000000000000000001
100000000000000000000000000001
100000000000000000000000000001
1000000000000z0000000000000001
200000000000000000000000000002
200000000000000000000000000002
111111111111111111111111111111
000000000000000000000000000000
000000000000000000000000000000
000000000000000000000000000000