111111222111111111111222111111
100000000000000000000000000001
100000000000000000000000000001
100000000000000000000000000001
200000000000000000000000000002
200000000000000000000000000002
100000000000000000000000000001
100000000000000000000000000001
100000000000000000000000000001
100000000000000000000000000001
100000000000000000000000000001
100000000000000000000000000001
100000000000000000000000000001
100000000000000000000000000001
200000000000000000000000000002
200000000000000000000000000002
100000000000000000000000000001
100000000000000000000000000001
100000000000000000000000000001
111111222111111111111222111111