155555555555551111111111111111
155555555555555551111111111111
155555555555555555555551111111
155555555555555555555555551111
155555555555555555555555555111
155555555555555555555555555511
155555555555555555555555555551
155555555555555555555555555551
155555555555555555555555555d51
155555555555555555555555555111
155555555555555555555555111111
155555555555555555555111111111
155555555555555555555555555555
155555555555555555555555555555
1555d5555555555555555555555555
111111111111115555d55555555555
111111111111111111111155555d55
111111111111111111111111111111
111111111111111111111111111111
211111111111111111111111111111