155555555555555111111111111111
155555555555555555511111111111
155555555555555555555555d51111
155555555555555555555551111111
155555555555555555555555111111
155555555555555555555555511111
155555555555555555555555555111
155555555555555555555555555511
155555555555555555555555555511
15555555555555555555555555d511
115d55555555555555555555511111
111155555555555555555551111111
111111115555555555555555555555
1111115555555d5555555555555555
111555555551111555555555555555
155555555511111115555555555555
1d55d5d55111111111115555d55555
111111111111111111111111111111
111111111111111111111111111111
111111111111111111111111111111