111111111111111111111111111111
111551111555511111555111155111
111551115555551115555511155111
111551155555551115555551155111
111551555555551115555555155111
111555555555555155555555555111
111555555555555155555555555111
111555555555555555555555555111
115555555555555555555555555511
155555555555555355555555555551
155555555555555155555555555551
15555555555555111d555555555551
1555555555d111111111d555555552
15555555d1111111111111d5555552
155555d11111111111111111d55552
1555d111111111111111111111d552
15d111111111111111111111111152
111111111111111111111111111111
111111111111111111111111111111
111111111111111111111111111111